<!DOCTYPE html><html lang="en" ><head ><title >How to call :OGL  Convolution Filter</title><meta name='viewport' content='width=device-width, initial-scale=0.66'><meta name='description' content='language:basic, target:desktop, category:game development'><link rel="styleSheet" href="../skins/granite/style.css" type="text/css"><style type="text/css">div.bbcode {padding: 8px;background: #E5E5E5;color: #000000;border: 1px dashed #B4B4BE;}</style></head><body ><table width=100% cellspacing=0 cellpadding=0><tr ><td class="menubarleft"></td><td class="menubar"><table cellspacing="0" cellpadding="0"><tr ><td >&nbsp;</td><td class="menuitemleft"></td><td class="menuitem"><a href="/" class="menuitem">News</a></td><td class="menuitemright"></td><td class="menuitemleft"></td><td class="menuitem"><a href="/forums.php" class="menuitem">Forums</a></td><td class="menuitemright"></td><td class="menuitemleft"></td><td class="menuitem"><a href="/codearcs.php" class="menuitem">Code</a></td><td class="menuitemright"></td><td class="menuitemleft"></td><td class="menuitem"><a href="/logs.php" class="menuitem">Logs</a></td><td class="menuitemright"></td><td class="menuitemleft"></td><td class="menuitem"><a href="/gallery.php" class="menuitem">Gallery</a></td><td class="menuitemright"></td><td class="menuitemleft"></td><td class="menuitem"><a href="/sdkspecs.php" class="menuitem">Specs</a></td><td class="menuitemright"></td><td class="menuitemleft"></td><td class="menuitem"><a href="/search.php" class="menuitem">Search</a></td><td class="menuitemright"></td></tr></table></td><td class="menubarright"></td></tr></table><div class="main"><h1 >How to call :OGL  Convolution Filter</h1><a href="forums.php" >BlitzMax Forums</a>/<a href="topics.php?forum=103" >OpenGL Module</a>/<a href="#bottom" >How to call :OGL  Convolution Filter</a><br><br>
<a name="887563"></a>
<table width=100% cellspacing=0 cellpadding=0><tr ><td class="posthead"><table width=100% cellspacing=0 cellpadding=0><tr ><td >Panno</td><td align="right"><font class=tiny>(Posted 2008)</font>&nbsp;<a href="#1">[#1]</a></td></tr></table></td></tr><tr ><td class="posttext"> in the german forum a user ask :<br><br>how to call the ogl Convolution Filter .<br><br>bmax :<br><br>filter:Float[] = [0.00000067, 0.00002292, 0.00019117, 0.00038771, 0.00019117, 0.00002292, 0.00000067,  0.00002292, 0.00078633, 0.00655965, 0.01330373, 0.00655965, 0.00078633, 0.00002292, 0.00019117, 0.00655965, 0.05472157, 0.11098164, 0.05472157, 0.00655965, 0.00019117, 0.00038771, 0.01330373, 0.11098164, 0.22508352, 0.11098164, 0.01330373, 0.00038771, 0.00019117, 0.00655965, 0.05472157, 0.11098164, 0.05472157, 0.00655965, 0.00019117, 0.00002292, 0.00078633, 0.00655965, 0.01330373, 0.00655965, 0.00078633, 0.00002292, 0.00000067, 0.00002292, 0.00019117, 0.00038771, 0.00019117, 0.00002292, 0.00000067]<br><br>size:int = int(sqr(filter.length))<br><br>glConvolutionFilter2D(GL_CONVOLUTION_2D, GL_LUMINANCE4, size, size, GL_LUMINANCE, GL_FLOAT, filter)<br><br>can anybody help ?<br><br>imho filter must be a pointer  but i allways have an memory error <br><br></td></tr></table><br>
<a name="887571"></a>
<table width=100% cellspacing=0 cellpadding=0><tr ><td class="posthead"><table width=100% cellspacing=0 cellpadding=0><tr ><td >fredborg</td><td align="right"><font class=tiny>(Posted 2008)</font>&nbsp;<a href="#2">[#2]</a></td></tr></table></td></tr><tr ><td class="posttext"> Probably like this:<br>glConvolutionFilter2D(GL_CONVOLUTION_2D, GL_LUMINANCE4, size, size, GL_LUMINANCE, GL_FLOAT, varptr(filter[0]) ) <br><br></td></tr></table><br>
<a name="887578"></a>
<table width=100% cellspacing=0 cellpadding=0><tr ><td class="posthead"><table width=100% cellspacing=0 cellpadding=0><tr ><td >Panno</td><td align="right"><font class=tiny>(Posted 2008)</font>&nbsp;<a href="#3">[#3]</a></td></tr></table></td></tr><tr ><td class="posttext"> sorry but no <br><br></td></tr></table><br>
<a name="887714"></a>
<table width=100% cellspacing=0 cellpadding=0><tr ><td class="posthead"><table width=100% cellspacing=0 cellpadding=0><tr ><td >ImaginaryHuman</td><td align="right"><font class=tiny>(Posted 2008)</font>&nbsp;<a href="#4">[#4]</a></td></tr></table></td></tr><tr ><td class="posttext"> Presumably you've set up the required extension prior to calling glConvolutionFilter? <br><br></td></tr></table><br>
<a name="887806"></a>
<table width=100% cellspacing=0 cellpadding=0><tr ><td class="posthead"><table width=100% cellspacing=0 cellpadding=0><tr ><td >fredborg</td><td align="right"><font class=tiny>(Posted 2008)</font>&nbsp;<a href="#5">[#5]</a></td></tr></table></td></tr><tr ><td class="posttext"> Maybe your graphics card does not support it?<br><br>This works fine for me:<pre class=code>SuperStrict

GLGraphics(640,480)
glewinit()

'
' Check if convolution is supported
Local extensions:String = String.FromCString(Byte Ptr(glGetString(GL_EXTENSIONS))).Replace(" ","~n")
If extensions.Contains( "GL_ARB_imaging" ) = False
	Print "GL_ARB_imaging not available"
	End
EndIf
If glConvolutionFilter2D = Null
	Print "glConvolutionFilter2D not available!"
	End
EndIf

'
' Load a pixmap
Local p:TPixmap = LoadPixmap("C:\blitzmax\samples\breakout\media\b-max.png")

'
' Setup convolution filter
Local filter:Float[] = [0.00000067, 0.00002292, 0.00019117, 0.00038771, 0.00019117, 0.00002292, 0.00000067, 0.00002292, 0.00078633, 0.00655965, 0.01330373, 0.00655965, 0.00078633, 0.00002292, 0.00019117, 0.00655965, 0.05472157, 0.11098164, 0.05472157, 0.00655965, 0.00019117, 0.00038771, 0.01330373, 0.11098164, 0.22508352, 0.11098164, 0.01330373, 0.00038771, 0.00019117, 0.00655965, 0.05472157, 0.11098164, 0.05472157, 0.00655965, 0.00019117, 0.00002292, 0.00078633, 0.00655965, 0.01330373, 0.00655965, 0.00078633, 0.00002292, 0.00000067, 0.00002292, 0.00019117, 0.00038771, 0.00019117, 0.00002292, 0.00000067]
Local size:Int = Int(Sqr(filter.length))
glConvolutionFilter2D(GL_CONVOLUTION_2D, GL_LUMINANCE, size, size, GL_LUMINANCE, GL_FLOAT, Varptr(filter[0]) )
glEnable( GL_CONVOLUTION_2D )

'
' Setup view matrix
glOrtho 0,640,480,0,-1,1

'
' Draw the pixmap
glpixelzoom 1.0,-1.0
glRasterPos2i 0,0
glBitmap 0,0,0,0,0,0,Null
glPixelStorei GL_UNPACK_ROW_LENGTH, p.pitch Shr 2
glDrawPixels p.width,p.height,GL_RGBA,GL_UNSIGNED_BYTE,p.pixels
		
Flip

WaitKey()

End</pre> <br><br></td></tr></table><br>
<a name="888660"></a>
<table width=100% cellspacing=0 cellpadding=0><tr ><td class="posthead"><table width=100% cellspacing=0 cellpadding=0><tr ><td >plash</td><td align="right"><font class=tiny>(Posted 2008)</font>&nbsp;<a href="#6">[#6]</a></td></tr></table></td></tr><tr ><td class="posttext"> "GL_ARB_imaging not available". bingo? <br><br></td></tr></table><br>
<a name="bottom"></a>
<table width=100% cellspacing=0 cellpadding=0><tr ><td align="right"><a href="http://monkeycoder.co.nz" target="_blank"><img src="/img/monkey2.svg" ></a> <a href="https://github.com/blitz-research" target="_blank"><img src="/img/github.svg" ></a> <a href="https://discord.gg/qJccbSp" target="_blank"><img src="/img/discord.svg" ></a></td></tr></table><br></div><br><table width="100%"><tr><td></body></html lang="en">
